==========================================================================
CCM Parameter Tuning Summary — Sakila
Generated : 2026-06-01 19:27:07
Runs: 27   Completed: 27   Failed: 0
==========================================================================

  theta_A  theta_T    Res  Domains   Edges        Q  Flag
  --------------------------------------------------------------
     0.65     0.75    1.2        4      13   0.5526  ◀ BEST
     0.65     0.75    1.5        4      13   0.5526  ✓ Q>0.3
      0.6     0.75    1.2        4      13   0.5526  ✓ Q>0.3
      0.6     0.75    1.5        4      13   0.5526  ✓ Q>0.3
      0.7     0.75    1.2        4      13   0.5526  ✓ Q>0.3
      0.7     0.75    1.5        4      13   0.5526  ✓ Q>0.3
     0.65     0.75    2.0        5      13   0.4884  ✓ Q>0.3
      0.6     0.75    2.0        5      13   0.4884  ✓ Q>0.3
      0.7     0.75    2.0        5      13   0.4884  ✓ Q>0.3
     0.65      0.7    1.2        3      32   0.2066
      0.6      0.7    1.2        3      32   0.2066
      0.7      0.7    1.2        3      32   0.2066
     0.65      0.7    1.5        4      32   0.1712
      0.6      0.7    1.5        4      32   0.1712
      0.7      0.7    1.5        4      32   0.1712
     0.65      0.7    2.0        6      32   0.1020
      0.6      0.7    2.0        6      32   0.1020
      0.7      0.7    2.0        6      32   0.1020
     0.65     0.65    1.2        3      48   0.0987
      0.6     0.65    1.2        3      48   0.0987
      0.7     0.65    1.2        3      48   0.0987
     0.65     0.65    1.5        5      48   0.0523
      0.6     0.65    1.5        5      48   0.0523
      0.7     0.65    1.5        5      48   0.0523
     0.65     0.65    2.0        9      48  -0.0177
      0.6     0.65    2.0        9      48  -0.0177
      0.7     0.65    2.0        9      48  -0.0177

==========================================================================
